Train 1 err=11.4585
Your filters:
--------------------------------
-0.0319597 0.0361978 0.00867731 -0.198489 -0.444672 -0.285638 0.0331777 
0.0559381 0.0698531 0.138828 -0.111703 -0.373905 -0.483737 -0.158836 
0.00123858 0.127431 0.563136 0.240372 -0.194998 -0.520987 -0.289099 
-0.14601 -0.177271 0.444852 0.269678 -0.0289537 -0.452499 -0.326072 
-0.123707 -0.101398 0.298664 0.229077 -0.0814929 -0.547731 -0.191541 
-0.0907492 0.0985468 0.271873 0.22751 -0.32012 -0.399367 0.121132 
-0.0979533 0.31816 0.21804 -0.163346 -0.316814 -0.0451437 0.00292496 
--------------------------------
--------------------------------
-0.05414 -0.0325009 -0.103222 -0.170804 -0.225557 -0.294079 -0.327249 
-0.0884391 -0.174196 -0.223386 -0.242431 -0.256551 -0.205316 -0.133352 
-0.192461 -0.236688 -0.234099 -0.196044 -0.0584751 0.0440835 -0.0678307 
-0.27653 -0.262039 -0.167296 0.0347829 0.153479 0.0840568 0.070212 
-0.274511 -0.149348 0.19343 0.231965 0.152603 0.089773 0.132565 
-0.291512 0.0788935 0.249148 0.0986633 0.0244545 0.0270243 0.0586897 
0.0850513 0.303917 0.0259928 -0.171856 -0.111082 -0.0912262 -0.137947 
--------------------------------
--------------------------------
-0.0117943 -0.0151102 -0.0586977 -0.149057 -0.196745 -0.146581 -0.159712 
0.00472284 0.0935687 0.0724315 -0.0156289 -0.133454 -0.144062 -0.104462 
-0.0674285 0.0771308 0.217189 0.111268 -0.070784 -0.233593 -0.134192 
-0.0833549 -0.0597461 0.17265 0.353022 0.238667 -0.085562 -0.223878 
-0.0248621 -0.11039 -0.197155 0.189533 0.398363 0.229936 -0.0787729 
0.00928733 -0.0850724 -0.325853 -0.178373 0.137807 0.23263 0.117725 
0.0170257 -0.0350541 -0.246151 -0.286787 -0.217274 -0.0405779 -0.057467 
--------------------------------
--------------------------------
-0.245856 -0.122588 -0.116099 -0.128267 -0.139459 -0.179619 -0.254488 
-0.154655 -0.120554 -0.136007 -0.132442 -0.150854 -0.160544 -0.1633 
-0.169403 -0.136932 -0.1282 -0.130643 -0.170573 -0.0751105 -0.0746716 
-0.162919 -0.139895 -0.136889 -0.131351 -0.0224801 0.0555801 -0.0784161 
-0.0777522 -0.0101808 -0.031875 -0.0135856 -0.0392035 -0.0172918 -0.0127073 
-0.0504496 0.0115479 0.0461804 0.0555716 0.0709186 0.0518016 0.0700831 
-0.0066054 0.124971 0.12865 0.147315 0.153913 0.104994 0.166167 
--------------------------------
--------------------------------
-0.244178 -0.335197 -0.364261 -0.237448 0.0558572 0.303192 0.172257 
-0.0261974 -0.222008 -0.331808 -0.195565 0.129349 0.116051 -0.047707 
0.00721388 -0.227877 -0.414257 -0.312375 0.238068 0.121479 -0.133202 
0.0291628 -0.212012 -0.431125 -0.364016 0.214197 0.273315 0.198905 
-0.00505758 -0.100548 -0.403421 -0.403485 -0.0470691 0.29649 0.493407 
0.00300404 0.00538365 -0.282424 -0.379434 -0.233577 -0.100746 0.276507 
-0.0432298 -0.021104 -0.179281 -0.422565 -0.524156 -0.276554 0.166675 
--------------------------------
--------------------------------
0.0785267 0.0301476 -0.196083 -0.347322 -0.235347 -0.11762 -0.0698901 
-0.023566 -0.00378384 -0.0471842 -0.20905 -0.194307 -0.135291 -0.117442 
0.0419036 0.158381 0.144598 -0.0810766 -0.178558 -0.15402 -0.173893 
0.155717 0.138813 0.152117 -0.0620828 -0.173646 -0.160383 -0.178775 
0.205463 0.101091 0.0770134 -0.0997416 -0.186251 -0.159375 -0.162968 
0.213204 0.013893 -0.107048 -0.190048 -0.155413 -0.0960672 -0.0641168 
0.128283 -0.142119 -0.252913 -0.253405 -0.140502 -0.0461707 -0.0033131 
--------------------------------
--------------------------------
0.138493 0.0839256 0.108082 0.0912162 0.059644 0.0520029 -0.0240081 
0.0132914 0.019407 0.0171768 0.0162633 0.026095 0.0421479 0.00613941 
-0.0339876 0.0605714 0.0563486 0.0691359 0.0645208 0.0495562 -0.00494868 
-0.167771 -0.121917 -0.127079 -0.11196 -0.119955 -0.0758959 -0.0844626 
-0.151277 -0.127206 -0.117335 -0.116719 -0.104512 -0.0913864 -0.115617 
-0.11307 -0.0777517 -0.0814985 -0.0846815 -0.0745244 -0.0691839 -0.132031 
-0.101732 -0.0736467 -0.0915564 -0.0828863 -0.0912645 -0.11558 -0.221497 
--------------------------------
--------------------------------
-0.0966707 -0.091274 -0.153918 -0.238205 -0.1084 0.146497 0.211023 
-0.0339012 -0.0628026 -0.0792256 -0.166122 0.0682473 0.249098 -0.118653 
0.0498116 0.0169202 -0.0958082 -0.0801726 0.165885 0.292938 -0.342359 
0.122088 0.224687 0.125674 0.243954 0.394405 -0.10604 -0.409185 
-0.0190368 0.14374 0.33248 0.38997 -0.169128 -0.349891 -0.27613 
-0.165955 -0.099625 -0.203411 -0.424001 -0.397889 -0.251949 -0.160708 
-0.183975 -0.371216 -0.498631 -0.374685 -0.209032 -0.0784324 -0.0216124 
--------------------------------
--------------------------------
-0.174748 -0.224149 -0.251583 -0.234653 -0.184939 -0.138157 -0.117212 
-0.0981695 -0.1043 -0.13492 -0.17397 -0.196093 -0.144995 -0.153654 
-0.0660187 0.0338405 0.0608244 -0.0381091 -0.198336 -0.259258 -0.251079 
0.0122478 0.157913 0.203667 0.224104 0.026555 -0.285586 -0.249838 
0.0349216 0.16892 0.165916 0.274107 0.405875 0.0935882 -0.239653 
0.0699603 0.0233298 -0.139557 -0.121476 0.263733 0.22386 -0.10018 
0.00204164 -0.0412547 -0.179518 -0.177813 -0.041914 0.057077 -0.013003 
--------------------------------
--------------------------------
-0.171708 -0.293105 -0.38597 -0.376091 -0.354777 -0.295842 -0.155505 
-0.168982 -0.217444 -0.180422 -0.174204 -0.174749 -0.152495 -0.096886 
-0.000590304 0.013869 0.178113 0.223983 0.152766 0.010435 -0.0517721 
0.0729916 0.0963743 0.208572 0.218086 0.214364 0.186801 0.0855657 
-0.0893532 -0.0623955 0.176163 0.0725359 0.0284305 -0.0197423 0.0435984 
-0.310169 -0.24862 -0.114737 -0.0288855 -0.00865844 -0.038711 -0.0156723 
-0.292106 -0.334926 -0.35511 -0.209736 -0.0819453 -0.0715196 -0.0889422 
--------------------------------
969 0 0 0 0 1 4 0 3 3 
0 1126 1 4 0 1 2 0 1 0 
1 2 1004 12 4 0 2 3 2 2 
0 0 2 1004 0 0 0 1 2 1 
1 0 1 2 945 0 9 0 2 22 
1 2 1 23 1 844 6 1 12 1 
4 2 0 1 1 1 947 0 2 0 
1 2 16 26 4 1 0 952 6 20 
2 1 1 14 3 0 4 1 942 6 
1 7 0 9 2 0 0 4 4 982 
